[General]
type = wiki
tags = 60-е, wikipedia, игры, читы
order = 0
creationdatetime = 2016-03-30 16:18:14.607152
datetime = 2016-03-30 16:20:06.362280
cursorposition = 223

[wiki]
md5_hash = 2280c9bae5dd7cc3858673f6030e33ad

[Misc]
pageindex = 1

